       0      10000.0
       1      8401.75
       2      7058.94
       3      5930.74
       4      4982.87
       5      4186.47
       6      3517.38
       7      2955.21
       8      2482.90
       9      2086.07
      10      1752.65
      11      1472.54
      12      1237.19
      13      1039.45
      14      873.326
      15      733.747
      16      616.475
      17      517.947
      18      435.166
      19      365.616
      20      307.181
      21      258.086
      22      216.838
      23      182.181
      24      153.064
      25      128.601
      26      108.048
      27      90.7785
      28      76.2698
      29      64.0800
      30      53.8384
      31      45.2337
      32      38.0043
      33      31.9302
      34      26.8270
      35      22.5393
      36      18.9370
      37      15.9103
      38      13.3675
      39      11.2310
      40      9.43605
      41      7.92792
      42      6.66084
      43      5.59627
      44      4.70185
      45      3.95037
      46      3.31901
      47      2.78855
      48      2.34287
      49      1.96842
      50      1.65382
      51      1.38949
      52      1.16742
      53     0.980837
      54     0.824074
      55     0.692366
      56     0.581709
      57     0.488738
      58     0.410625
      59     0.344997
      60     0.289858
      61     0.243531
      62     0.204609
      63     0.171907
      64     0.144432
      65     0.121349
      66     0.101953
      67    0.0856590
      68    0.0719685
      69    0.0604662
      70    0.0508021
      71    0.0426827
      72    0.0358609
      73    0.0301295
      74    0.0253140
      75    0.0212682
      76    0.0178690
      77    0.0150131
      78    0.0126137
      79    0.0105977
      80   0.00890389
      81   0.00748082
      82   0.00628520
      83   0.00528067
      84   0.00443669
      85   0.00372759
      86   0.00313183
      87   0.00263129
      88   0.00221074
      89   0.00185741
      90   0.00156055
      91   0.00131113
      92   0.00110158
      93  0.000925521
      94  0.000777600
      95  0.000653320
      96  0.000548903
      97  0.000461174
      98  0.000387467
      99  0.000325540
     100  0.000273511
     101  0.000229797
     102  0.000193070
     103  0.000162213
     104  0.000136287
     105  0.000114505
     106  9.62041e-05
     107  8.08281e-05
     108  6.79097e-05
     109  5.70560e-05
     110  4.79371e-05
     111  4.02756e-05
     112  3.38385e-05
     113  2.84303e-05
     114  2.38864e-05
     115  2.00688e-05
     116  1.68613e-05
     117  1.41665e-05
     118  1.19022e-05
     119  1.00000e-05
